kinematics:
  shoulder:
    x: 0
    y: 0
    z: 0.15179873838783192
    roll: -0
    pitch: 0
    yaw: -6.2032666503508693e-08
  upper_arm:
    x: -8.1515765692547311e-05
    y: 0
    z: 0
    roll: 1.5703730638634674
    pitch: 0
    yaw: -3.9439856187636629e-06
  forearm:
    x: -0.24390317210022822
    y: 0
    z: 0
    roll: 0.0034784199240815621
    pitch: 0.0022126562573118562
    yaw: -2.0713050316398163e-05
  wrist_1:
    x: -0.21318916205103736
    y: -0.00070847733397616649
    z: 0.13139932487073444
    roll: 0.0053917359873920856
    pitch: 0.0014487862279505752
    yaw: 9.9807140897777632e-06
  wrist_2:
    x: 0.00017092011677207513
    y: -0.085400676083351695
    z: -0.00015145026903176347
    roll: 1.5725697332503097
    pitch: 0
    yaw: 1.2005147067504702e-05
  wrist_3:
    x: -0.00020853192061712141
    y: 0.092059051274555437
    z: -9.4544006862842605e-05
    roll: 1.5697693340949401
    pitch: 3.1415926535897931
    yaw: 3.1415919293705761
  hash: calib_7936259452520017962